6.3518,1.5128,12.943
8.232,1.8699,12.962
8.457,4.9173,14.945
9.2521,4.6347,16.394
7.3412,1.1117,12.049
8.4179,5.7434,12.272
9.1677,2.1816,13
6.9554,3.1657,16.746
6.1265,6.2745,12.897
9.1135,0.55697,13.547
8.9938,1.6462,14.714
7.4519,3.8759,15.406
9.4533,3.8187,12.728
9.495,1.6774,13.263
9.2886,5.4165,13.909
7.7313,0.50826,14.252
9.3948,4.8626,13.272
9.524,1.2769,13.844
6.0239,1.9797,14.117
9.0851,4.6613,14.205
6.0721,1.2162,12.272
7.8881,3.847,12.728
9.2087,2.9616,13.33
9.9248,5.9904,14.32
8.3095,0.038292,13.304
7.8453,2.9062,13.418
7.7232,3.5844,14.239
7.4788,5.0867,15.168
9.3313,5.1463,12.897
7.7344,2.866,13.631
6.6412,3.201,14.165
9.4764,0.61711,15.297
6.5348,5.4091,12.639
7.0821,1.7245,13.12
6.2482,1.447,14.087
6.2916,3.763,16.008
8.051,2.9464,13.547
7.6824,5.2114,14.061
7.3516,0.70631,14.634
7.2787,3.7824,15.876
6.8871,5.6998,12.728
9.2512,3.4188,13.596
7.409,3.1271,13.722
9.1286,0.66957,14.279
8.09,2.4417,12.383
8.7486,1.2183,12.933
6.9158,5.3089,13.94
9.3882,3.8792,15.249
9.9388,5.7653,13.145
8.9093,4.7061,13.686
9.8746,0.035909,15.603
7.0663,2.8797,16.369
6.4241,4.8879,13.028
9.2597,1.4312,13.862
7.2418,4.5994,14.374
8.9283,2.0451,15.039
6.9792,5.3303,13.12
6.9488,3.4104,13.304
8.5809,1.5898,13.654
9.7302,0.40221,14.759
7.2768,5.5107,12.38
9.4131,1.1272,12.862
9.4412,2.2282,13.143
8.8024,3.4644,13.272
8.2339,0.60382,12.456
9.4181,2.1391,13.088
6.5604,5.1583,14.008
7.4362,3.272,14.852
8.7951,0.68412,12.383
9.9983,2.2939,13.664
8.5179,6.2238,13.686
8.7044,4.514,14.153
9.9225,2.8605,12.326
7.1861,4.6537,13.878
9.9401,5.6109,14.271
9.9852,0.62947,16.007
9.7122,1.5451,12.753
6.6085,2.4691,12.862
9.6129,5.8739,13.805
8.2272,3.5577,15.849
8.6078,1.4956,12.732
9.5031,3.7358,13.335
7.3917,2.7337,15.168
8.8685,5.2118,15.288
6.2763,2.7512,12.699
7.0076,5.2251,12.753
8.2186,0.89521,13.028
6.4786,3.7211,13.635
8.5367,4.5438,12.581
8.7788,1.2101,14.17
9.821,2.2609,14.714
6.6077,5.7561,15.194
6.947,3.6586,12.049
8.3245,2.9229,13.143
8.2959,6.0622,13.418
6.4736,1.45,13.654
9.4404,0.022022,12.067
7.576,2.5471,12.911
8.3315,6.1806,13.844
6.2492,3.2421,16.43
6.3509,4.8994,12.049
9.1728,1.4681,13.654
9.5279,2.9194,14.061
7.9417,3.8879,14.852
6.7778,3.7255,12.728
6.188,5.2732,12.897
8.5392,3.1291,13.722
6.4861,0.43693,13.878
8.7256,3.0188,12.43
8.7945,3.4535,12.525
9.1935,5.7741,14.543
9.3893,1.1335,14.591
9.6976,1.8542,12.962
9.7658,5.0027,13
7.6494,1.3243,13.028
9.0406,3.6619,13.418
8.5245,2.1432,14.051
9.7474,3.6593,14.252
6.145,0.26662,14.474
9.2691,5.2583,14.807
9.1876,4.8536,12.383
6.3632,2.8772,12.525
9.4998,4.6767,12.728
6.6084,1.003,13.631
8.6148,3.1714,12.839
9.779,0.33531,12.943
8.1389,4.8252,14.073
9.8803,2.4441,14.403
9.6717,5.3412,12.019
9.5856,1.867,12.326
7.983,0.42145,13.596
7.4315,3.7569,13.635
9.3071,1.6545,12.383
8.5793,4.5177,13.102
8.0326,0.15325,15.171
6.8674,5.2683,15.406
8.7514,2.749,12.862
8.27,4.9258,12.962
7.8156,3.1906,15.122
8.0946,1.3772,15.213
9.2308,3.8587,13.143
7.6322,1.39,13.704
9.5467,2.2241,14.133
8.3008,5.5974,15.036
7.483,1.7374,13
6.4803,5.8077,14.271
9.1072,0.13949,15.347
8.3033,4.6669,15.375
9.3932,4.7111,12.049
7.9802,0.64958,12.326
7.9889,2.2367,14.374
7.5664,4.8723,15.749
9.4511,6.2545,12.019
7.1389,1.3878,12.38
9.7124,2.3747,13.102
8.0492,3.3885,16.849
7.0062,0.29129,12.067
7.6063,1.9073,12.298
6.6241,5.6162,12.456
9.8095,3.2168,13.202
7.9953,3.9316,12.298
7.3318,1.2347,12.943
7.563,6.1757,14.557
7.0428,2.7378,15.118
7.6372,2.1243,14.404
9.7821,5.9733,14.559
8.419,1.0985,15.249
9.5364,3.3379,15.741
9.3586,3.929,12.019
9.7214,4.9423,13
9.2684,1.3995,13.304
6.2333,3.0832,13.33
9.8215,5.1178,12.699
7.2825,0.1005,12.962
8.7415,2.3171,13.263
7.9926,4.6876,14.604
9.6976,2.88,13.766
9.8377,0.43914,14.511
8.1863,5.4299,14.649
7.5803,3.1902,15.894
9.1404,1.4439,13.664
9.4354,3.1765,14.117
7.7584,5.4176,14.528
7.8847,1.7813,15.392
8.6243,3.5172,13.263
6.4127,0.6259,14.008
7.6671,5.3504,14.205
9.1071,1.7242,14.591
9.4394,1.8939,12.97
7.0567,4.6778,13.478
7.1383,5.2556,13.654
8.7715,0.37468,13.993
9.6704,5.8407,12.732
8.1847,0.57915,13.654
8.803,1.6008,13.807
7.7215,4.5017,14.528
6.2291,5.0534,12.43
8.5819,0.66901,13.26
6.3237,4.6553,13.272
7.1053,2.1292,13.512
8.755,5.3483,12.696
9.4067,1.2566,14.511
9.1079,3.4679,14.961
9.8992,2.7608,17.147
7.8475,5.5185,12.383
9.6953,1.7948,12.962
7.3934,0.59312,14.543
9.5885,3.9009,15.122
6.2063,5.299,12.272
7.9237,1.7398,12.525
9.261,3.2261,13.088
7.5067,0.59589,13.596
8.7492,3.4108,13.33
7.7385,2.9185,13.896
7.0354,0.35741,14.03
7.5547,5.1373,14.153
7.6562,4.6024,13.547
8.8249,2.7237,13.664
9.9206,1.1059,14.279
7.3936,5.8875,14.493
9.2374,0.55553,12.43
6.9643,3.5228,12.839
6.3318,2.0765,13.244
6.8484,6.1423,15.876
8.2774,1.9569,13.844
9.6563,0.85062,14.474
7.3974,5.6064,14.757
8.676,3.8479,14.874
6.9168,3.4559,13.596
9.8758,1.7665,13.878
6.3151,0.33944,14.098
8.0409,6.0616,14.474
6.4548,1.6967,12.617
7.2986,0.037829,13.596
8.792,5.3657,14.982
9.3707,3.4204,16.708
6.4372,4.9443,12.019
8.5949,1.5404,13.244
6.6192,1.6897,13.522
7.5834,3.1597,15.122
9.6561,3.5742,13.33
8.1618,4.9229,13.522
7.3182,2.1211,13.582
9.0618,0.3329,15.741
7.6589,2.7597,12.272
9.553,1.396,14.208
8.6034,6.0196,14.557
8.1257,3.426,14.912
7.1148,5.2957,14.098
6.1436,3.6277,14.543
6.2669,2.394,14.626
9.9376,0.37295,14.807
9.0338,3.6425,13.028
8.8648,1.2191,14.03
6.6685,5.9263,15.881
8.9901,2.1269,16.708
6.1238,6.0012,12.897
6.5338,2.9547,13
8.813,1.3095,13.143
8.1661,4.5498,14.254
8.9399,1.4562,12.067
7.0007,4.6977,13.088
9.4715,4.9946,13.478
8.038,1.7415,13.909
7.5154,0.49372,12.272
8.1652,1.6141,13.12
9.927,4.5838,14.32
7.6772,5.6479,15.705
6.1354,6.1188,12.897
9.5604,3.1705,14.635
7.8062,2.7316,14.716
6.2346,0.34819,14.961
8.2895,5.5555,12.933
7.171,1.6225,13.028
7.8466,3.8472,14.462
9.6822,0.098826,14.892
6.8127,4.6688,12.95
8.1067,4.9052,14.205
8.2089,2.823,14.77
6.4691,0.80309,15.745
9.7387,4.7575,12.728
6.9103,0.6864,12.732
6.9486,1.6879,15.168
7.7626,4.682,15.19
9.9155,5.9603,12.639
6.8393,4.6429,12.728
6.057,2.317,13.631
7.1724,1.0974,14.061
9.9002,6.0456,12.943
6.5387,2.6686,13
6.3038,0.13661,13.028
7.76,3.7838,13.522
8.9812,4.8529,12.456
8.7977,1.7757,12.728
7.7899,3.5626,13.478
7.4759,0.9685,14.543
7.954,2.8352,13.478
6.1151,0.65297,14.591
9.4624,3.2759,14.757
9.008,5.6762,15.862
7.3202,1.8762,12.95
9.2082,0.27266,13.028
9.9396,6.2748,13.909
9.4051,3.3406,16.62
9.0872,1.4271,12.753
6.5979,1.898,12.911
9.9958,3.6742,13.028
6.4887,5.6057,13.766
8.6164,1.9146,12.067
9.7001,5.8045,12.639
6.99,3.8812,13.447
9.3144,0.3679,14.892
8.2421,0.20875,12.253
9.2366,6.0567,12.795
9.0845,2.0577,13
9.8844,3.6615,13.631
6.7411,3.0569,12.617
6.9099,0.38011,13.263
6.948,5.5873,14.77
9.2257,3.4523,16.395
6.1193,5.1819,13.98
8.5162,1.4824,14.133
9.1503,3.4445,14.541
7.1317,2.6778,15.415
7.6488,5.5683,12.272
6.8604,3.2923,12.383
9.7655,2.2507,13.143
6.8983,1.2331,14.239
7.9359,2.9988,12.795
9.8287,5.6616,13.631
7.5374,3.7098,13.766
8.3871,0.098449,14.165
9.7558,1.2362,13.335
9.3976,5.8604,13.664
7.4547,2.471,14.117
6.4274,3.2635,15.745
7.2498,0.88751,13.664
9.0824,3.7047,13.766
8.6728,5.5889,13.807
6.9821,2.6099,14.153
9.7358,3.919,13.704
7.726,2.4497,14.279
9.2884,5.2898,14.604
9.0306,1.3729,15.947
7.9949,2.3478,12.933
8.9937,1.4533,12.943
7.8346,3.3808,13.244
8.7721,5.7715,13.596
8.3617,2.9743,12.38
7.0397,1.0739,13.263
9.9828,5.7945,14.573
7.7563,3.4672,15.906
6.6051,2.7687,12.732
8.6427,5.1526,13.582
9.5039,0.91027,14.404
9.2449,3.2911,15.251
9.3655,0.95192,12.067
9.8426,2.1057,12.525
8.6628,4.7782,14.374
9.7704,3.4273,14.543
9.3437,0.60999,12.933
7.1542,2.1328,13.596
9.1286,4.8108,13.722
7.6322,3.7294,14.271
8.925,1.4525,12.897
8.2906,5.4957,13.028
7.4499,2.5265,14.254
7.5808,3.6418,15.773
9.1622,0.86874,13.862
9.1036,5.142,14.239
9.7861,1.8225,14.403
6.5879,4.5194,15.773
7.2215,2.9382,13.654
7.7881,5.0719,13.844
8.7477,1.5469,14.133
7.816,3.3271,14.476
8.5002,5.9805,12.049
8.1775,3.7017,13.028
9.4473,1.2187,15.036
8.4876,3.006,15.12
9.2685,5.6587,12.019
8.1096,1.0028,12.581
8.4284,1.8765,13.654
8.5038,3.2743,14.271
9.2218,1.6031,12.383
7.5111,0.37878,13.028
7.0144,5.7911,13.631
9.9385,4.5076,14.557
8.2306,1.6574,12.067
7.257,3.3119,12.298
9.5083,5.6384,12.795
8.8446,0.10798,14.604
9.0296,5.6122,12.753
8.5278,2.9583,13.447
8.9667,3.3201,14.252
8.9936,1.267,15.442
7.4429,1.5256,12.067
8.3437,5.2904,13.993
9.4838,2.9256,14.77
6.3405,3.4788,16.708
